function g=gP153(x0)
%     x=sym ('x',[8,1]);
%     g=zeros(8,1);
%     f1=x(1)+x(2);
%     f2=x(3)+x(4);
%     f3=x(5)*x(1)+x(6)*x(2)-x(7)*x(3)-x(8)*x(4);
%     f4=x(7)*x(1)+x(8)*x(2)+x(5)*x(3)+x(6)*x(4);
%     f5=x(1)*(x(5)^2-x(7)^2)-2*x(5)*x(3)*x(7)+x(2)*(x(6)^2-x(8)^2)-2*x(8)*x(4)*x(6);
%     f6=x(3)*(x(5)^2-x(7)^2)+2*x(5)*x(1)*x(7)+x(4)*(x(6)^2-x(8)^2)+2*x(8)*x(2)*x(6);
%     f7=x(1)*x(5)*(x(5)^2-3*x(7)^2)+x(3)*x(7)*(x(7)^2-3*x(5)^2)+x(2)*x(6)*(x(6)^2-3*x(8)^2)+x(4)*x(8)*(x(8)^2-3*x(6)^2);
%     f8=x(3)*x(5)*(x(5)^2-3*x(7)^2)-x(1)*x(7)*(x(7)^2-3*x(5)^2)+x(4)*x(6)*(x(6)^2-3*x(8)^2)-x(2)*x(8)*(x(8)^2-3*x(6)^2);
%     fun=f1^2+f2^2+f3^2+f4^2+f5^2+f6^2+f7^2+f8^2;
%     for i=1:8
%         diff(fun,x(i)) 
%     end
    x1=x0(1);
    x2=x0(2);
    x3=x0(3);
    x4=x0(4);
    x5=x0(5);
    x6=x0(6);
    x7=x0(7);
    x8=x0(8);

    g=[ 
2*x1 + 2*x2 + 2*(x5^2 - x7^2)*(x1*(x5^2 - x7^2) + x2*(x6^2 - x8^2) - 2*x3*x5*x7 - 2*x4*x6*x8) + 2*x5*(x1*x5 + x2*x6 - x3*x7 - x4*x8) + 2*x7*(x1*x7 + x3*x5 + x2*x8 + x4*x6) - 2*x5*(x5^2 - 3*x7^2)*(x3*x7*(3*x5^2 - x7^2) + x4*x8*(3*x6^2 - x8^2) - x1*x5*(x5^2 - 3*x7^2) - x2*x6*(x6^2 - 3*x8^2)) + 2*x7*(3*x5^2 - x7^2)*(x1*x7*(3*x5^2 - x7^2) + x2*x8*(3*x6^2 - x8^2) + x3*x5*(x5^2 - 3*x7^2) + x4*x6*(x6^2 - 3*x8^2)) + 4*x5*x7*(x3*(x5^2 - x7^2) + x4*(x6^2 - x8^2) + 2*x1*x5*x7 + 2*x2*x6*x8)
2*x1 + 2*x2 + 2*(x6^2 - x8^2)*(x1*(x5^2 - x7^2) + x2*(x6^2 - x8^2) - 2*x3*x5*x7 - 2*x4*x6*x8) + 2*x6*(x1*x5 + x2*x6 - x3*x7 - x4*x8) + 2*x8*(x1*x7 + x3*x5 + x2*x8 + x4*x6) - 2*x6*(x6^2 - 3*x8^2)*(x3*x7*(3*x5^2 - x7^2) + x4*x8*(3*x6^2 - x8^2) - x1*x5*(x5^2 - 3*x7^2) - x2*x6*(x6^2 - 3*x8^2)) + 2*x8*(3*x6^2 - x8^2)*(x1*x7*(3*x5^2 - x7^2) + x2*x8*(3*x6^2 - x8^2) + x3*x5*(x5^2 - 3*x7^2) + x4*x6*(x6^2 - 3*x8^2)) + 4*x6*x8*(x3*(x5^2 - x7^2) + x4*(x6^2 - x8^2) + 2*x1*x5*x7 + 2*x2*x6*x8)
2*x3 + 2*x4 + 2*(x5^2 - x7^2)*(x3*(x5^2 - x7^2) + x4*(x6^2 - x8^2) + 2*x1*x5*x7 + 2*x2*x6*x8) + 2*x5*(x1*x7 + x3*x5 + x2*x8 + x4*x6) - 2*x7*(x1*x5 + x2*x6 - x3*x7 - x4*x8) + 2*x5*(x5^2 - 3*x7^2)*(x1*x7*(3*x5^2 - x7^2) + x2*x8*(3*x6^2 - x8^2) + x3*x5*(x5^2 - 3*x7^2) + x4*x6*(x6^2 - 3*x8^2)) + 2*x7*(3*x5^2 - x7^2)*(x3*x7*(3*x5^2 - x7^2) + x4*x8*(3*x6^2 - x8^2) - x1*x5*(x5^2 - 3*x7^2) - x2*x6*(x6^2 - 3*x8^2)) - 4*x5*x7*(x1*(x5^2 - x7^2) + x2*(x6^2 - x8^2) - 2*x3*x5*x7 - 2*x4*x6*x8)
2*x3 + 2*x4 + 2*(x6^2 - x8^2)*(x3*(x5^2 - x7^2) + x4*(x6^2 - x8^2) + 2*x1*x5*x7 + 2*x2*x6*x8) + 2*x6*(x1*x7 + x3*x5 + x2*x8 + x4*x6) - 2*x8*(x1*x5 + x2*x6 - x3*x7 - x4*x8) + 2*x6*(x6^2 - 3*x8^2)*(x1*x7*(3*x5^2 - x7^2) + x2*x8*(3*x6^2 - x8^2) + x3*x5*(x5^2 - 3*x7^2) + x4*x6*(x6^2 - 3*x8^2)) + 2*x8*(3*x6^2 - x8^2)*(x3*x7*(3*x5^2 - x7^2) + x4*x8*(3*x6^2 - x8^2) - x1*x5*(x5^2 - 3*x7^2) - x2*x6*(x6^2 - 3*x8^2)) - 4*x6*x8*(x1*(x5^2 - x7^2) + x2*(x6^2 - x8^2) - 2*x3*x5*x7 - 2*x4*x6*x8)
2*x1*(x1*x5 + x2*x6 - x3*x7 - x4*x8) + 2*x3*(x1*x7 + x3*x5 + x2*x8 + x4*x6) - 2*(x1*(x5^2 - 3*x7^2) + 2*x1*x5^2 - 6*x3*x5*x7)*(x3*x7*(3*x5^2 - x7^2) + x4*x8*(3*x6^2 - x8^2) - x1*x5*(x5^2 - 3*x7^2) - x2*x6*(x6^2 - 3*x8^2)) + 2*(x3*(x5^2 - 3*x7^2) + 2*x3*x5^2 + 6*x1*x5*x7)*(x1*x7*(3*x5^2 - x7^2) + x2*x8*(3*x6^2 - x8^2) + x3*x5*(x5^2 - 3*x7^2) + x4*x6*(x6^2 - 3*x8^2)) + 2*(2*x1*x5 - 2*x3*x7)*(x1*(x5^2 - x7^2) + x2*(x6^2 - x8^2) - 2*x3*x5*x7 - 2*x4*x6*x8) + 2*(2*x1*x7 + 2*x3*x5)*(x3*(x5^2 - x7^2) + x4*(x6^2 - x8^2) + 2*x1*x5*x7 + 2*x2*x6*x8)
2*x2*(x1*x5 + x2*x6 - x3*x7 - x4*x8) + 2*x4*(x1*x7 + x3*x5 + x2*x8 + x4*x6) - 2*(x2*(x6^2 - 3*x8^2) + 2*x2*x6^2 - 6*x4*x6*x8)*(x3*x7*(3*x5^2 - x7^2) + x4*x8*(3*x6^2 - x8^2) - x1*x5*(x5^2 - 3*x7^2) - x2*x6*(x6^2 - 3*x8^2)) + 2*(x4*(x6^2 - 3*x8^2) + 2*x4*x6^2 + 6*x2*x6*x8)*(x1*x7*(3*x5^2 - x7^2) + x2*x8*(3*x6^2 - x8^2) + x3*x5*(x5^2 - 3*x7^2) + x4*x6*(x6^2 - 3*x8^2)) + 2*(2*x2*x6 - 2*x4*x8)*(x1*(x5^2 - x7^2) + x2*(x6^2 - x8^2) - 2*x3*x5*x7 - 2*x4*x6*x8) + 2*(2*x2*x8 + 2*x4*x6)*(x3*(x5^2 - x7^2) + x4*(x6^2 - x8^2) + 2*x1*x5*x7 + 2*x2*x6*x8)
2*x1*(x1*x7 + x3*x5 + x2*x8 + x4*x6) - 2*x3*(x1*x5 + x2*x6 - x3*x7 - x4*x8) + 2*(2*x1*x5 - 2*x3*x7)*(x3*(x5^2 - x7^2) + x4*(x6^2 - x8^2) + 2*x1*x5*x7 + 2*x2*x6*x8) - 2*(2*x1*x7 + 2*x3*x5)*(x1*(x5^2 - x7^2) + x2*(x6^2 - x8^2) - 2*x3*x5*x7 - 2*x4*x6*x8) - 2*(2*x1*x7^2 - x1*(3*x5^2 - x7^2) + 6*x3*x5*x7)*(x1*x7*(3*x5^2 - x7^2) + x2*x8*(3*x6^2 - x8^2) + x3*x5*(x5^2 - 3*x7^2) + x4*x6*(x6^2 - 3*x8^2)) + 2*(x3*(3*x5^2 - x7^2) - 2*x3*x7^2 + 6*x1*x5*x7)*(x3*x7*(3*x5^2 - x7^2) + x4*x8*(3*x6^2 - x8^2) - x1*x5*(x5^2 - 3*x7^2) - x2*x6*(x6^2 - 3*x8^2))
2*x2*(x1*x7 + x3*x5 + x2*x8 + x4*x6) - 2*x4*(x1*x5 + x2*x6 - x3*x7 - x4*x8) + 2*(2*x2*x6 - 2*x4*x8)*(x3*(x5^2 - x7^2) + x4*(x6^2 - x8^2) + 2*x1*x5*x7 + 2*x2*x6*x8) - 2*(2*x2*x8 + 2*x4*x6)*(x1*(x5^2 - x7^2) + x2*(x6^2 - x8^2) - 2*x3*x5*x7 - 2*x4*x6*x8) - 2*(2*x2*x8^2 - x2*(3*x6^2 - x8^2) + 6*x4*x6*x8)*(x1*x7*(3*x5^2 - x7^2) + x2*x8*(3*x6^2 - x8^2) + x3*x5*(x5^2 - 3*x7^2) + x4*x6*(x6^2 - 3*x8^2)) + 2*(x4*(3*x6^2 - x8^2) - 2*x4*x8^2 + 6*x2*x6*x8)*(x3*x7*(3*x5^2 - x7^2) + x4*x8*(3*x6^2 - x8^2) - x1*x5*(x5^2 - 3*x7^2) - x2*x6*(x6^2 - 3*x8^2))
];
        


end